2 3 4 5 6 6 6 6 6 6 6 6 6 6 6 6 6 6 6 6 6 6 7 8 2
3 9 10 11 12 12 12 12 12 12 12 12 12 12 12 12 12 12 12 12 12 12 13 14 8
15 16 17 18 19 19 20 19 19 19 21 19 19 19 19 22 19 19 23 24 25 26 27 28 29
30 31 32 33 34 34 34 34 34 34 34 34 34 34 34 34 34 34 34 34 34 35 36 37 38
30 31 39 40 41 41 41 42 42 42 42 42 42 42 42 42 42 42 41 41 41 43 44 37 38
30 31 39 45 46 46 46 42 42 42 42 42 42 42 42 42 42 42 46 46 46 47 44 37 38
30 31 39 48 49 49 49 42 42 42 42 42 42 42 42 42 42 42 49 49 49 50 44 37 38
30 31 39 51 42 42 42 42 42 42 42 42 42 42 42 42 42 42 42 42 42 52 44 37 38
30 31 39 51 42 42 42 42 42 42 42 42 42 42 42 42 42 42 42 42 42 52 44 37 38
30 31 39 51 42 42 42 42 42 42 42 42 42 42 42 42 42 42 42 42 42 52 44 37 38
30 31 39 51 42 42 42 42 42 42 42 42 42 42 42 42 42 42 42 42 42 52 44 37 38
30 31 39 51 42 42 42 42 42 42 42 42 42 42 42 42 42 42 42 42 42 52 44 37 38
30 31 39 51 42 42 42 42 42 42 42 42 42 42 42 42 42 42 42 42 42 52 44 37 38
30 31 39 51 42 42 42 42 42 42 42 42 42 42 42 42 42 42 42 42 42 52 44 37 38
30 31 39 51 42 42 42 42 42 42 42 42 42 42 42 42 42 42 42 42 42 52 44 37 38
30 31 39 51 42 42 42 42 42 42 42 42 42 42 42 42 42 42 42 42 42 52 44 37 38
30 31 39 51 42 42 42 42 42 42 42 42 42 42 42 42 42 42 42 42 42 52 44 37 38
30 31 39 51 42 42 42 42 42 42 42 42 42 42 42 42 42 42 42 42 42 52 44 37 38
30 31 39 40 41 41 41 42 42 42 42 42 42 42 42 42 42 42 41 41 41 43 44 37 38
30 31 39 45 46 46 46 42 42 42 42 42 42 42 42 42 42 42 46 46 46 47 44 37 38
30 31 39 48 49 49 49 42 42 42 42 42 42 42 42 42 42 42 49 49 49 50 44 37 38
53 54 55 56 57 57 57 57 57 57 57 57 57 57 57 57 57 57 57 57 57 58 59 60 61
62 63 64 65 66 66 67 66 66 66 68 66 66 66 66 69 66 66 70 71 72 73 74 75 76
77 78 79 80 81 81 81 81 81 81 81 81 81 81 81 81 81 81 81 81 81 81 82 83 84
2 77 85 86 87 87 87 87 87 87 87 87 87 87 87 87 87 87 87 87 87 87 88 84 2
